Surface 719.800 720.800 0.020 51 5033.300 5033.990 0.030 24 

 673  662  650  638  627  618  608  598  590  583  572  552  526  509  505  514  535  567  596  611  625  638  642  641  636  629  619  610  603  596  588  582  580  583  587  595  604  605  604  603  605  609  612  615  618  620  621  624  632  645  651 
 684  672  659  646  637  628  621  615  612  611  609  602  586  562  535  515  512  535  570  591  607  626  635  634  630  623  615  608  600  591  583  577  575  577  583  590  597  598  596  594  594  596  599  602  605  608  611  614  622  636  640 
 692  682  670  659  651  645  641  639  638  640  638  628  614  594  571  547  522  512  538  569  595  614  626  629  625  619  612  605  596  587  578  571  568  572  577  584  590  591  589  587  587  588  589  592  594  596  599  603  611  626  630 
 704  697  690  683  678  675  674  672  671  665  655  641  625  608  590  570  539  505  511  536  572  598  608  613  614  613  609  602  592  583  573  564  559  563  570  578  583  585  583  580  579  579  581  582  584  587  589  592  600  614  620 
 724  722  719  716  713  709  704  700  693  681  665  650  634  618  602  586  562  526  502  510  539  574  586  590  592  595  596  593  585  576  567  555  546  551  561  571  577  579  577  575  572  572  574  574  576  578  581  583  589  601  609 
 750  750  747  742  736  728  720  711  701  688  673  659  645  630  616  603  586  562  531  507  509  533  554  563  562  557  556  560  563  562  556  545  537  541  550  561  568  571  571  568  566  565  566  567  568  569  570  572  576  584  593 
 773  768  762  755  746  736  726  716  705  693  681  669  657  645  633  621  608  594  575  551  527  514  514  518  520  516  512  512  516  521  525  521  522  532  541  550  557  562  564  562  559  558  560  561  560  560  559  559  561  566  573 
 789  782  774  764  753  741  730  719  708  698  689  679  669  660  649  637  626  615  603  588  571  554  538  526  518  513  509  505  502  501  502  503  511  520  529  538  546  551  554  554  552  550  552  553  552  550  548  546  547  550  554 
 798  790  781  769  757  745  734  723  713  704  696  688  680  670  660  649  639  629  618  607  595  583  570  558  550  542  535  528  520  510  502  500  502  508  518  527  534  537  539  541  541  541  542  543  543  541  538  534  532  532  535 
 804  795  785  775  763  752  742  733  724  716  707  698  689  679  668  659  650  641  631  621  610  600  592  585  578  570  563  555  548  540  530  516  505  501  503  512  521  526  528  529  531  532  532  532  532  529  525  521  517  515  515 
 809  800  791  782  773  765  755  745  736  728  718  708  698  687  676  668  661  652  643  635  626  618  612  606  600  593  585  577  568  560  549  533  518  506  501  501  504  511  517  520  523  522  521  519  517  514  511  508  505  504  504 
 817  807  800  793  784  775  764  754  744  736  726  716  705  695  685  679  672  664  656  649  642  636  631  624  617  607  595  585  575  566  551  536  527  524  521  515  506  501  503  506  508  507  505  504  503  502  502  502  503  506  511 
 826  817  809  801  793  782  770  759  749  740  732  723  713  705  698  691  685  679  674  668  662  656  649  640  627  615  602  590  580  568  553  545  545  547  547  541  530  516  504  500  500  502  504  506  507  509  510  511  513  519  528 
 835  827  818  809  800  789  775  763  753  745  738  731  724  717  713  707  703  699  695  690  683  673  662  650  635  621  606  593  580  567  557  559  563  563  560  555  547  532  516  503  506  512  516  519  520  521  522  522  524  532  543 
 844  836  826  817  806  794  781  769  760  753  747  742  737  733  729  725  722  718  713  706  695  682  669  655  642  627  612  596  580  567  565  571  577  575  569  561  551  538  522  513  517  522  525  527  528  529  529  529  534  544  557 
 850  842  832  823  812  800  789  778  769  764  759  755  752  748  744  740  735  730  723  712  700  686  672  658  646  633  619  604  589  576  574  583  589  586  575  565  557  545  530  523  527  530  532  534  536  536  537  538  545  557  570 
 852  845  836  826  816  806  795  786  779  774  770  767  764  761  756  750  742  735  727  715  701  689  676  663  650  637  624  611  597  583  582  592  600  596  583  570  560  547  538  535  537  539  542  543  544  544  545  548  557  571  583 
 855  847  838  828  819  811  802  794  788  783  779  776  773  768  763  756  746  738  729  718  705  693  681  667  654  640  627  614  600  590  591  601  607  601  587  572  559  549  547  546  547  549  551  552  552  554  557  562  570  583  595 
 860  852  843  833  824  817  809  802  796  791  787  784  780  774  768  760  750  740  731  722  710  699  686  671  657  643  629  615  602  598  604  610  609  600  586  571  558  552  553  554  556  559  561  563  565  569  574  579  585  594  606 
 863  856  849  841  832  823  816  810  804  799  795  791  786  778  771  763  752  741  732  723  712  702  689  674  659  646  631  616  607  608  615  615  608  596  582  570  564  561  561  563  564  566  568  571  576  583  590  596  601  606  616 
 867  860  853  847  839  831  824  818  814  809  804  798  790  781  773  764  754  742  733  723  712  700  687  674  659  647  632  619  614  619  623  617  605  592  583  578  574  570  569  572  575  579  582  585  590  596  606  612  616  619  624 
 870  864  858  851  845  839  835  830  825  818  812  804  793  783  774  764  753  742  732  721  710  697  683  669  655  643  631  621  618  622  623  615  606  595  594  592  587  581  580  582  586  590  594  598  603  610  618  624  629  633  638 
 872  867  861  855  849  844  839  834  830  822  815  806  794  784  774  764  753  742  731  719  708  694  679  664  650  638  630  625  623  623  622  618  612  607  607  604  599  594  591  593  596  601  607  613  618  624  631  639  644  648  652 
 875  869  864  859  853  847  842  837  832  825  815  805  794  783  773  764  754  742  729  718  706  692  678  662  648  636  633  636  636  633  628  625  622  620  617  614  609  605  602  603  606  611  617  624  632  641  650  658  665  671  675 
